(kicad_pcb (version 20171130) (host pcbnew "(5.1.5)-3")

  (general
    (thickness 1.6)
    (drawings 8)
    (tracks 239)
    (zones 0)
    (modules 26)
    (nets 43)
  )

  (page A4)
  (layers
    (0 F.Cu signal hide)
    (31 B.Cu signal hide)
    (32 B.Adhes user)
    (33 F.Adhes user)
    (34 B.Paste user)
    (35 F.Paste user)
    (36 B.SilkS user)
    (37 F.SilkS user)
    (38 B.Mask user)
    (39 F.Mask user)
    (40 Dwgs.User user)
    (41 Cmts.User user)
    (42 Eco1.User user)
    (43 Eco2.User user)
    (44 Edge.Cuts user)
    (45 Margin user)
    (46 B.CrtYd user)
    (47 F.CrtYd user)
    (48 B.Fab user)
    (49 F.Fab user)
  )

  (setup
    (last_trace_width 0.25)
    (trace_clearance 0.2)
    (zone_clearance 0.508)
    (zone_45_only no)
    (trace_min 0.2)
    (via_size 0.8)
    (via_drill 0.4)
    (via_min_size 0.4)
    (via_min_drill 0.3)
    (uvia_size 0.3)
    (uvia_drill 0.1)
    (uvias_allowed no)
    (uvia_min_size 0.2)
    (uvia_min_drill 0.1)
    (edge_width 0.05)
    (segment_width 0.2)
    (pcb_text_width 0.3)
    (pcb_text_size 1.5 1.5)
    (mod_edge_width 0.12)
    (mod_text_size 1 1)
    (mod_text_width 0.15)
    (pad_size 1.524 1.524)
    (pad_drill 0.762)
    (pad_to_mask_clearance 0.051)
    (solder_mask_min_width 0.25)
    (aux_axis_origin 0 0)
    (visible_elements 7FFFFFFF)
    (pcbplotparams
      (layerselection 0x010fc_ffffffff)
      (usegerberextensions false)
      (usegerberattributes false)
      (usegerberadvancedattributes false)
      (creategerberjobfile false)
      (excludeedgelayer true)
      (linewidth 0.100000)
      (plotframeref false)
      (viasonmask false)
      (mode 1)
      (useauxorigin false)
      (hpglpennumber 1)
      (hpglpenspeed 20)
      (hpglpendiameter 15.000000)
      (psnegative false)
      (psa4output false)
      (plotreference true)
      (plotvalue true)
      (plotinvisibletext false)
      (padsonsilk false)
      (subtractmaskfromsilk false)
      (outputformat 1)
      (mirror false)
      (drillshape 0)
      (scaleselection 1)
      (outputdirectory "Gerber/"))
  )

  (net 0 "")
  (net 1 "Net-(C1-Pad1)")
  (net 2 GND)
  (net 3 "Net-(C2-Pad1)")
  (net 4 VCC)
  (net 5 "Net-(C8-Pad1)")
  (net 6 "Net-(D1-Pad2)")
  (net 7 /row0)
  (net 8 "Net-(D2-Pad2)")
  (net 9 /row1)
  (net 10 "Net-(D3-Pad2)")
  (net 11 "Net-(D4-Pad2)")
  (net 12 "Net-(J1-Pad2)")
  (net 13 "Net-(J1-Pad3)")
  (net 14 "Net-(J1-Pad4)")
  (net 15 /col0)
  (net 16 /col1)
  (net 17 "Net-(R1-Pad1)")
  (net 18 "Net-(R2-Pad2)")
  (net 19 "Net-(R3-Pad1)")
  (net 20 "Net-(R4-Pad1)")
  (net 21 "Net-(U1-Pad42)")
  (net 22 "Net-(U1-Pad37)")
  (net 23 "Net-(U1-Pad36)")
  (net 24 "Net-(U1-Pad32)")
  (net 25 "Net-(U1-Pad31)")
  (net 26 "Net-(U1-Pad30)")
  (net 27 "Net-(U1-Pad29)")
  (net 28 "Net-(U1-Pad28)")
  (net 29 "Net-(U1-Pad27)")
  (net 30 "Net-(U1-Pad26)")
  (net 31 "Net-(U1-Pad25)")
  (net 32 "Net-(U1-Pad22)")
  (net 33 "Net-(U1-Pad21)")
  (net 34 "Net-(U1-Pad20)")
  (net 35 "Net-(U1-Pad19)")
  (net 36 "Net-(U1-Pad18)")
  (net 37 "Net-(U1-Pad12)")
  (net 38 "Net-(U1-Pad11)")
  (net 39 "Net-(U1-Pad10)")
  (net 40 "Net-(U1-Pad9)")
  (net 41 "Net-(U1-Pad8)")
  (net 42 "Net-(U1-Pad1)")

  (net_class Default "This is the default net class."
    (clearance 0.2)
    (trace_width 0.25)
    (via_dia 0.8)
    (via_drill 0.4)
    (uvia_dia 0.3)
    (uvia_drill 0.1)
    (add_net /col0)
    (add_net /col1)
    (add_net /row0)
    (add_net /row1)
    (add_net GND)
    (add_net "Net-(C1-Pad1)")
    (add_net "Net-(C2-Pad1)")
    (add_net "Net-(C8-Pad1)")
    (add_net "Net-(D1-Pad2)")
    (add_net "Net-(D2-Pad2)")
    (add_net "Net-(D3-Pad2)")
    (add_net "Net-(D4-Pad2)")
    (add_net "Net-(J1-Pad2)")
    (add_net "Net-(J1-Pad3)")
    (add_net "Net-(J1-Pad4)")
    (add_net "Net-(R1-Pad1)")
    (add_net "Net-(R2-Pad2)")
    (add_net "Net-(R3-Pad1)")
    (add_net "Net-(R4-Pad1)")
    (add_net "Net-(U1-Pad1)")
    (add_net "Net-(U1-Pad10)")
    (add_net "Net-(U1-Pad11)")
    (add_net "Net-(U1-Pad12)")
    (add_net "Net-(U1-Pad18)")
    (add_net "Net-(U1-Pad19)")
    (add_net "Net-(U1-Pad20)")
    (add_net "Net-(U1-Pad21)")
    (add_net "Net-(U1-Pad22)")
    (add_net "Net-(U1-Pad25)")
    (add_net "Net-(U1-Pad26)")
    (add_net "Net-(U1-Pad27)")
    (add_net "Net-(U1-Pad28)")
    (add_net "Net-(U1-Pad29)")
    (add_net "Net-(U1-Pad30)")
    (add_net "Net-(U1-Pad31)")
    (add_net "Net-(U1-Pad32)")
    (add_net "Net-(U1-Pad36)")
    (add_net "Net-(U1-Pad37)")
    (add_net "Net-(U1-Pad42)")
    (add_net "Net-(U1-Pad8)")
    (add_net "Net-(U1-Pad9)")
    (add_net VCC)
  )

  (module MountingHole:MountingHole_2.5mm (layer F.Cu) (tedit 56D1B4CB) (tstamp 5E87981A)
    (at 171.196 48.006)
    (descr "Mounting Hole 2.5mm, no annular")
    (tags "mounting hole 2.5mm no annular")
    (attr virtual)
    (fp_text reference REF** (at -5.588 -1.27) (layer F.SilkS)
      (effects (font (size 1 1) (thickness 0.15)))
    )
    (fp_text value MountingHole_2.5mm (at -4.826 8.382) (layer F.Fab)
      (effects (font (size 1 1) (thickness 0.15)))
    )
    (fp_text user %R (at 0.3 0) (layer F.Fab)
      (effects (font (size 1 1) (thickness 0.15)))
    )
    (fp_circle (center 0 0) (end 2.5 0) (layer Cmts.User) (width 0.15))
    (fp_circle (center 0 0) (end 2.75 0) (layer F.CrtYd) (width 0.05))
    (pad 1 np_thru_hole circle (at 0 0) (size 2.5 2.5) (drill 2.5) (layers *.Cu *.Mask))
  )

  (module MountingHole:MountingHole_2.5mm (layer F.Cu) (tedit 56D1B4CB) (tstamp 5E87981A)
    (at 170.942 83.312)
    (descr "Mounting Hole 2.5mm, no annular")
    (tags "mounting hole 2.5mm no annular")
    (attr virtual)
    (fp_text reference REF** (at 0 -3.5) (layer F.SilkS)
      (effects (font (size 1 1) (thickness 0.15)))
    )
    (fp_text value MountingHole_2.5mm (at -9.398 2.54) (layer F.Fab)
      (effects (font (size 1 1) (thickness 0.15)))
    )
    (fp_text user %R (at 0.3 0) (layer F.Fab)
      (effects (font (size 1 1) (thickness 0.15)))
    )
    (fp_circle (center 0 0) (end 2.5 0) (layer Cmts.User) (width 0.15))
    (fp_circle (center 0 0) (end 2.75 0) (layer F.CrtYd) (width 0.05))
    (pad 1 np_thru_hole circle (at 0 0) (size 2.5 2.5) (drill 2.5) (layers *.Cu *.Mask))
  )

  (module Capacitor_SMD:C_0805_2012Metric_Pad1.15x1.40mm_HandSolder (layer B.Cu) (tedit 5B36C52B) (tstamp 5E80E716)
    (at 150.75 53.1625 90)
    (descr "Capacitor SMD 0805 (2012 Metric), square (rectangular) end terminal, IPC_7351 nominal with elongated pad for handsoldering. (Body size source: https://docs.google.com/spreadsheets/d/1BsfQQcO9C6DZCsRaXUlFlo91Tg2WpOkGARC1WS5S8t0/edit?usp=sharing), generated with kicad-footprint-generator")
    (tags "capacitor handsolder")
    (path /5E779321)
    (attr smd)
    (fp_text reference C1 (at 0 1.65 90) (layer B.SilkS)
      (effects (font (size 1 1) (thickness 0.15)) (justify mirror))
    )
    (fp_text value 22p (at 0 -1.65 90) (layer B.Fab)
      (effects (font (size 1 1) (thickness 0.15)) (justify mirror))
    )
    (fp_line (start -1 -0.6) (end -1 0.6) (layer B.Fab) (width 0.1))
    (fp_line (start -1 0.6) (end 1 0.6) (layer B.Fab) (width 0.1))
    (fp_line (start 1 0.6) (end 1 -0.6) (layer B.Fab) (width 0.1))
    (fp_line (start 1 -0.6) (end -1 -0.6) (layer B.Fab) (width 0.1))
    (fp_line (start -0.261252 0.71) (end 0.261252 0.71) (layer B.SilkS) (width 0.12))
    (fp_line (start -0.261252 -0.71) (end 0.261252 -0.71) (layer B.SilkS) (width 0.12))
    (fp_line (start -1.85 -0.95) (end -1.85 0.95) (layer B.CrtYd) (width 0.05))
    (fp_line (start -1.85 0.95) (end 1.85 0.95) (layer B.CrtYd) (width 0.05))
    (fp_line (start 1.85 0.95) (end 1.85 -0.95) (layer B.CrtYd) (width 0.05))
    (fp_line (start 1.85 -0.95) (end -1.85 -0.95) (layer B.CrtYd) (width 0.05))
    (fp_text user %R (at 0 0 90) (layer F.Fab)
      (effects (font (size 0.5 0.5) (thickness 0.08)))
    )
    (pad 1 smd roundrect (at -1.025 0 90) (size 1.15 1.4) (layers B.Cu B.Paste B.Mask) (roundrect_rratio 0.217391)
      (net 1 "Net-(C1-Pad1)"))
    (pad 2 smd roundrect (at 1.025 0 90) (size 1.15 1.4) (layers B.Cu B.Paste B.Mask) (roundrect_rratio 0.217391)
      (net 2 GND))
    (model ${KISYS3DMOD}/Capacitor_SMD.3dshapes/C_0805_2012Metric.wrl
      (at (xyz 0 0 0))
      (scale (xyz 1 1 1))
      (rotate (xyz 0 0 0))
    )
  )

  (module Capacitor_SMD:C_0805_2012Metric_Pad1.15x1.40mm_HandSolder (layer B.Cu) (tedit 5B36C52B) (tstamp 5E80E727)
    (at 163.03125 52.975 90)
    (descr "Capacitor SMD 0805 (2012 Metric), square (rectangular) end terminal, IPC_7351 nominal with elongated pad for handsoldering. (Body size source: https://docs.google.com/spreadsheets/d/1BsfQQcO9C6DZCsRaXUlFlo91Tg2WpOkGARC1WS5S8t0/edit?usp=sharing), generated with kicad-footprint-generator")
    (tags "capacitor handsolder")
    (path /5E77A107)
    (attr smd)
    (fp_text reference C2 (at 0 1.65 90) (layer B.SilkS)
      (effects (font (size 1 1) (thickness 0.15)) (justify mirror))
    )
    (fp_text value 22p (at 0 -1.65 90) (layer B.Fab)
      (effects (font (size 1 1) (thickness 0.15)) (justify mirror))
    )
    (fp_text user %R (at 0 0 90) (layer F.Fab)
      (effects (font (size 0.5 0.5) (thickness 0.08)))
    )
    (fp_line (start 1.85 -0.95) (end -1.85 -0.95) (layer B.CrtYd) (width 0.05))
    (fp_line (start 1.85 0.95) (end 1.85 -0.95) (layer B.CrtYd) (width 0.05))
    (fp_line (start -1.85 0.95) (end 1.85 0.95) (layer B.CrtYd) (width 0.05))
    (fp_line (start -1.85 -0.95) (end -1.85 0.95) (layer B.CrtYd) (width 0.05))
    (fp_line (start -0.261252 -0.71) (end 0.261252 -0.71) (layer B.SilkS) (width 0.12))
    (fp_line (start -0.261252 0.71) (end 0.261252 0.71) (layer B.SilkS) (width 0.12))
    (fp_line (start 1 -0.6) (end -1 -0.6) (layer B.Fab) (width 0.1))
    (fp_line (start 1 0.6) (end 1 -0.6) (layer B.Fab) (width 0.1))
    (fp_line (start -1 0.6) (end 1 0.6) (layer B.Fab) (width 0.1))
    (fp_line (start -1 -0.6) (end -1 0.6) (layer B.Fab) (width 0.1))
    (pad 2 smd roundrect (at 1.025 0 90) (size 1.15 1.4) (layers B.Cu B.Paste B.Mask) (roundrect_rratio 0.217391)
      (net 2 GND))
    (pad 1 smd roundrect (at -1.025 0 90) (size 1.15 1.4) (layers B.Cu B.Paste B.Mask) (roundrect_rratio 0.217391)
      (net 3 "Net-(C2-Pad1)"))
    (model ${KISYS3DMOD}/Capacitor_SMD.3dshapes/C_0805_2012Metric.wrl
      (at (xyz 0 0 0))
      (scale (xyz 1 1 1))
      (rotate (xyz 0 0 0))
    )
  )

  (module Capacitor_SMD:C_0805_2012Metric_Pad1.15x1.40mm_HandSolder (layer B.Cu) (tedit 5B36C52B) (tstamp 5E80E738)
    (at 170.34375 69.36875 270)
    (descr "Capacitor SMD 0805 (2012 Metric), square (rectangular) end terminal, IPC_7351 nominal with elongated pad for handsoldering. (Body size source: https://docs.google.com/spreadsheets/d/1BsfQQcO9C6DZCsRaXUlFlo91Tg2WpOkGARC1WS5S8t0/edit?usp=sharing), generated with kicad-footprint-generator")
    (tags "capacitor handsolder")
    (path /5E7872ED)
    (attr smd)
    (fp_text reference C3 (at 0 1.65 90) (layer B.SilkS)
      (effects (font (size 1 1) (thickness 0.15)) (justify mirror))
    )
    (fp_text value 0.1uF (at 0 -1.65 90) (layer B.Fab)
      (effects (font (size 1 1) (thickness 0.15)) (justify mirror))
    )
    (fp_line (start -1 -0.6) (end -1 0.6) (layer B.Fab) (width 0.1))
    (fp_line (start -1 0.6) (end 1 0.6) (layer B.Fab) (width 0.1))
    (fp_line (start 1 0.6) (end 1 -0.6) (layer B.Fab) (width 0.1))
    (fp_line (start 1 -0.6) (end -1 -0.6) (layer B.Fab) (width 0.1))
    (fp_line (start -0.261252 0.71) (end 0.261252 0.71) (layer B.SilkS) (width 0.12))
    (fp_line (start -0.261252 -0.71) (end 0.261252 -0.71) (layer B.SilkS) (width 0.12))
    (fp_line (start -1.85 -0.95) (end -1.85 0.95) (layer B.CrtYd) (width 0.05))
    (fp_line (start -1.85 0.95) (end 1.85 0.95) (layer B.CrtYd) (width 0.05))
    (fp_line (start 1.85 0.95) (end 1.85 -0.95) (layer B.CrtYd) (width 0.05))
    (fp_line (start 1.85 -0.95) (end -1.85 -0.95) (layer B.CrtYd) (width 0.05))
    (fp_text user %R (at 0 0 90) (layer B.Fab)
      (effects (font (size 0.5 0.5) (thickness 0.08)) (justify mirror))
    )
    (pad 1 smd roundrect (at -1.025 0 270) (size 1.15 1.4) (layers B.Cu B.Paste B.Mask) (roundrect_rratio 0.217391)
      (net 4 VCC))
    (pad 2 smd roundrect (at 1.025 0 270) (size 1.15 1.4) (layers B.Cu B.Paste B.Mask) (roundrect_rratio 0.217391)
      (net 2 GND))
    (model ${KISYS3DMOD}/Capacitor_SMD.3dshapes/C_0805_2012Metric.wrl
      (at (xyz 0 0 0))
      (scale (xyz 1 1 1))
      (rotate (xyz 0 0 0))
    )
  )

  (module Capacitor_SMD:C_0805_2012Metric_Pad1.15x1.40mm_HandSolder (layer B.Cu) (tedit 5B36C52B) (tstamp 5E80E749)
    (at 170.34375 59.625 270)
    (descr "Capacitor SMD 0805 (2012 Metric), square (rectangular) end terminal, IPC_7351 nominal with elongated pad for handsoldering. (Body size source: https://docs.google.com/spreadsheets/d/1BsfQQcO9C6DZCsRaXUlFlo91Tg2WpOkGARC1WS5S8t0/edit?usp=sharing), generated with kicad-footprint-generator")
    (tags "capacitor handsolder")
    (path /5E7880B8)
    (attr smd)
    (fp_text reference C4 (at 0 1.65 90) (layer B.SilkS)
      (effects (font (size 1 1) (thickness 0.15)) (justify mirror))
    )
    (fp_text value 0.1uF (at 0 -1.65 90) (layer B.Fab)
      (effects (font (size 1 1) (thickness 0.15)) (justify mirror))
    )
    (fp_text user %R (at 0 0 90) (layer B.Fab)
      (effects (font (size 0.5 0.5) (thickness 0.08)) (justify mirror))
    )
    (fp_line (start 1.85 -0.95) (end -1.85 -0.95) (layer B.CrtYd) (width 0.05))
    (fp_line (start 1.85 0.95) (end 1.85 -0.95) (layer B.CrtYd) (width 0.05))
    (fp_line (start -1.85 0.95) (end 1.85 0.95) (layer B.CrtYd) (width 0.05))
    (fp_line (start -1.85 -0.95) (end -1.85 0.95) (layer B.CrtYd) (width 0.05))
    (fp_line (start -0.261252 -0.71) (end 0.261252 -0.71) (layer B.SilkS) (width 0.12))
    (fp_line (start -0.261252 0.71) (end 0.261252 0.71) (layer B.SilkS) (width 0.12))
    (fp_line (start 1 -0.6) (end -1 -0.6) (layer B.Fab) (width 0.1))
    (fp_line (start 1 0.6) (end 1 -0.6) (layer B.Fab) (width 0.1))
    (fp_line (start -1 0.6) (end 1 0.6) (layer B.Fab) (width 0.1))
    (fp_line (start -1 -0.6) (end -1 0.6) (layer B.Fab) (width 0.1))
    (pad 2 smd roundrect (at 1.025 0 270) (size 1.15 1.4) (layers B.Cu B.Paste B.Mask) (roundrect_rratio 0.217391)
      (net 2 GND))
    (pad 1 smd roundrect (at -1.025 0 270) (size 1.15 1.4) (layers B.Cu B.Paste B.Mask) (roundrect_rratio 0.217391)
      (net 4 VCC))
    (model ${KISYS3DMOD}/Capacitor_SMD.3dshapes/C_0805_2012Metric.wrl
      (at (xyz 0 0 0))
      (scale (xyz 1 1 1))
      (rotate (xyz 0 0 0))
    )
  )

  (module Capacitor_SMD:C_0805_2012Metric_Pad1.15x1.40mm_HandSolder (layer B.Cu) (tedit 5B36C52B) (tstamp 5E80E75A)
    (at 144.375 58.9625 90)
    (descr "Capacitor SMD 0805 (2012 Metric), square (rectangular) end terminal, IPC_7351 nominal with elongated pad for handsoldering. (Body size source: https://docs.google.com/spreadsheets/d/1BsfQQcO9C6DZCsRaXUlFlo91Tg2WpOkGARC1WS5S8t0/edit?usp=sharing), generated with kicad-footprint-generator")
    (tags "capacitor handsolder")
    (path /5E7886C2)
    (attr smd)
    (fp_text reference C5 (at 0 1.65 90) (layer B.SilkS)
      (effects (font (size 1 1) (thickness 0.15)) (justify mirror))
    )
    (fp_text value 0.1uF (at 0 -1.65 90) (layer B.Fab)
      (effects (font (size 1 1) (thickness 0.15)) (justify mirror))
    )
    (fp_line (start -1 -0.6) (end -1 0.6) (layer B.Fab) (width 0.1))
    (fp_line (start -1 0.6) (end 1 0.6) (layer B.Fab) (width 0.1))
    (fp_line (start 1 0.6) (end 1 -0.6) (layer B.Fab) (width 0.1))
    (fp_line (start 1 -0.6) (end -1 -0.6) (layer B.Fab) (width 0.1))
    (fp_line (start -0.261252 0.71) (end 0.261252 0.71) (layer B.SilkS) (width 0.12))
    (fp_line (start -0.261252 -0.71) (end 0.261252 -0.71) (layer B.SilkS) (width 0.12))
    (fp_line (start -1.85 -0.95) (end -1.85 0.95) (layer B.CrtYd) (width 0.05))
    (fp_line (start -1.85 0.95) (end 1.85 0.95) (layer B.CrtYd) (width 0.05))
    (fp_line (start 1.85 0.95) (end 1.85 -0.95) (layer B.CrtYd) (width 0.05))
    (fp_line (start 1.85 -0.95) (end -1.85 -0.95) (layer B.CrtYd) (width 0.05))
    (fp_text user %R (at 0 0 90) (layer B.Fab)
      (effects (font (size 0.5 0.5) (thickness 0.08)) (justify mirror))
    )
    (pad 1 smd roundrect (at -1.025 0 90) (size 1.15 1.4) (layers B.Cu B.Paste B.Mask) (roundrect_rratio 0.217391)
      (net 4 VCC))
    (pad 2 smd roundrect (at 1.025 0 90) (size 1.15 1.4) (layers B.Cu B.Paste B.Mask) (roundrect_rratio 0.217391)
      (net 2 GND))
    (model ${KISYS3DMOD}/Capacitor_SMD.3dshapes/C_0805_2012Metric.wrl
      (at (xyz 0 0 0))
      (scale (xyz 1 1 1))
      (rotate (xyz 0 0 0))
    )
  )

  (module Capacitor_SMD:C_0805_2012Metric_Pad1.15x1.40mm_HandSolder (layer B.Cu) (tedit 5B36C52B) (tstamp 5E80E76B)
    (at 144.28125 53.25 90)
    (descr "Capacitor SMD 0805 (2012 Metric), square (rectangular) end terminal, IPC_7351 nominal with elongated pad for handsoldering. (Body size source: https://docs.google.com/spreadsheets/d/1BsfQQcO9C6DZCsRaXUlFlo91Tg2WpOkGARC1WS5S8t0/edit?usp=sharing), generated with kicad-footprint-generator")
    (tags "capacitor handsolder")
    (path /5E788EBC)
    (attr smd)
    (fp_text reference C6 (at 0 1.65 90) (layer B.SilkS)
      (effects (font (size 1 1) (thickness 0.15)) (justify mirror))
    )
    (fp_text value 0.1uF (at 0 -1.65 90) (layer B.Fab)
      (effects (font (size 1 1) (thickness 0.15)) (justify mirror))
    )
    (fp_text user %R (at 0 0 90) (layer B.Fab)
      (effects (font (size 0.5 0.5) (thickness 0.08)) (justify mirror))
    )
    (fp_line (start 1.85 -0.95) (end -1.85 -0.95) (layer B.CrtYd) (width 0.05))
    (fp_line (start 1.85 0.95) (end 1.85 -0.95) (layer B.CrtYd) (width 0.05))
    (fp_line (start -1.85 0.95) (end 1.85 0.95) (layer B.CrtYd) (width 0.05))
    (fp_line (start -1.85 -0.95) (end -1.85 0.95) (layer B.CrtYd) (width 0.05))
    (fp_line (start -0.261252 -0.71) (end 0.261252 -0.71) (layer B.SilkS) (width 0.12))
    (fp_line (start -0.261252 0.71) (end 0.261252 0.71) (layer B.SilkS) (width 0.12))
    (fp_line (start 1 -0.6) (end -1 -0.6) (layer B.Fab) (width 0.1))
    (fp_line (start 1 0.6) (end 1 -0.6) (layer B.Fab) (width 0.1))
    (fp_line (start -1 0.6) (end 1 0.6) (layer B.Fab) (width 0.1))
    (fp_line (start -1 -0.6) (end -1 0.6) (layer B.Fab) (width 0.1))
    (pad 2 smd roundrect (at 1.025 0 90) (size 1.15 1.4) (layers B.Cu B.Paste B.Mask) (roundrect_rratio 0.217391)
      (net 2 GND))
    (pad 1 smd roundrect (at -1.025 0 90) (size 1.15 1.4) (layers B.Cu B.Paste B.Mask) (roundrect_rratio 0.217391)
      (net 4 VCC))
    (model ${KISYS3DMOD}/Capacitor_SMD.3dshapes/C_0805_2012Metric.wrl
      (at (xyz 0 0 0))
      (scale (xyz 1 1 1))
      (rotate (xyz 0 0 0))
    )
  )

  (module Capacitor_SMD:C_0805_2012Metric_Pad1.15x1.40mm_HandSolder (layer B.Cu) (tedit 5B36C52B) (tstamp 5E80E77C)
    (at 144.272 67.809 90)
    (descr "Capacitor SMD 0805 (2012 Metric), square (rectangular) end terminal, IPC_7351 nominal with elongated pad for handsoldering. (Body size source: https://docs.google.com/spreadsheets/d/1BsfQQcO9C6DZCsRaXUlFlo91Tg2WpOkGARC1WS5S8t0/edit?usp=sharing), generated with kicad-footprint-generator")
    (tags "capacitor handsolder")
    (path /5E78919F)
    (attr smd)
    (fp_text reference C7 (at 0 1.65 90) (layer B.SilkS)
      (effects (font (size 1 1) (thickness 0.15)) (justify mirror))
    )
    (fp_text value 4.7uF (at 0 -1.65 90) (layer B.Fab)
      (effects (font (size 1 1) (thickness 0.15)) (justify mirror))
    )
    (fp_line (start -1 -0.6) (end -1 0.6) (layer B.Fab) (width 0.1))
    (fp_line (start -1 0.6) (end 1 0.6) (layer B.Fab) (width 0.1))
    (fp_line (start 1 0.6) (end 1 -0.6) (layer B.Fab) (width 0.1))
    (fp_line (start 1 -0.6) (end -1 -0.6) (layer B.Fab) (width 0.1))
    (fp_line (start -0.261252 0.71) (end 0.261252 0.71) (layer B.SilkS) (width 0.12))
    (fp_line (start -0.261252 -0.71) (end 0.261252 -0.71) (layer B.SilkS) (width 0.12))
    (fp_line (start -1.85 -0.95) (end -1.85 0.95) (layer B.CrtYd) (width 0.05))
    (fp_line (start -1.85 0.95) (end 1.85 0.95) (layer B.CrtYd) (width 0.05))
    (fp_line (start 1.85 0.95) (end 1.85 -0.95) (layer B.CrtYd) (width 0.05))
    (fp_line (start 1.85 -0.95) (end -1.85 -0.95) (layer B.CrtYd) (width 0.05))
    (fp_text user %R (at 0 0 180) (layer B.Fab)
      (effects (font (size 0.5 0.5) (thickness 0.08)) (justify mirror))
    )
    (pad 1 smd roundrect (at -1.025 0 90) (size 1.15 1.4) (layers B.Cu B.Paste B.Mask) (roundrect_rratio 0.217391)
      (net 4 VCC))
    (pad 2 smd roundrect (at 1.025 0 90) (size 1.15 1.4) (layers B.Cu B.Paste B.Mask) (roundrect_rratio 0.217391)
      (net 2 GND))
    (model ${KISYS3DMOD}/Capacitor_SMD.3dshapes/C_0805_2012Metric.wrl
      (at (xyz 0 0 0))
      (scale (xyz 1 1 1))
      (rotate (xyz 0 0 0))
    )
  )

  (module Capacitor_SMD:C_0805_2012Metric_Pad1.15x1.40mm_HandSolder (layer B.Cu) (tedit 5B36C52B) (tstamp 5E80E78D)
    (at 144.272 63.491 90)
    (descr "Capacitor SMD 0805 (2012 Metric), square (rectangular) end terminal, IPC_7351 nominal with elongated pad for handsoldering. (Body size source: https://docs.google.com/spreadsheets/d/1BsfQQcO9C6DZCsRaXUlFlo91Tg2WpOkGARC1WS5S8t0/edit?usp=sharing), generated with kicad-footprint-generator")
    (tags "capacitor handsolder")
    (path /5E7A9656)
    (attr smd)
    (fp_text reference C8 (at 0.076249 1.812499 90) (layer B.SilkS)
      (effects (font (size 1 1) (thickness 0.15)) (justify mirror))
    )
    (fp_text value 1u (at 0 -1.65 90) (layer B.Fab)
      (effects (font (size 1 1) (thickness 0.15)) (justify mirror))
    )
    (fp_text user %R (at 0 0 90) (layer B.Fab)
      (effects (font (size 0.5 0.5) (thickness 0.08)) (justify mirror))
    )
    (fp_line (start 1.85 -0.95) (end -1.85 -0.95) (layer B.CrtYd) (width 0.05))
    (fp_line (start 1.85 0.95) (end 1.85 -0.95) (layer B.CrtYd) (width 0.05))
    (fp_line (start -1.85 0.95) (end 1.85 0.95) (layer B.CrtYd) (width 0.05))
    (fp_line (start -1.85 -0.95) (end -1.85 0.95) (layer B.CrtYd) (width 0.05))
    (fp_line (start -0.261252 -0.71) (end 0.261252 -0.71) (layer B.SilkS) (width 0.12))
    (fp_line (start -0.261252 0.71) (end 0.261252 0.71) (layer B.SilkS) (width 0.12))
    (fp_line (start 1 -0.6) (end -1 -0.6) (layer B.Fab) (width 0.1))
    (fp_line (start 1 0.6) (end 1 -0.6) (layer B.Fab) (width 0.1))
    (fp_line (start -1 0.6) (end 1 0.6) (layer B.Fab) (width 0.1))
    (fp_line (start -1 -0.6) (end -1 0.6) (layer B.Fab) (width 0.1))
    (pad 2 smd roundrect (at 1.025 0 90) (size 1.15 1.4) (layers B.Cu B.Paste B.Mask) (roundrect_rratio 0.217391)
      (net 2 GND))
    (pad 1 smd roundrect (at -1.025 0 90) (size 1.15 1.4) (layers B.Cu B.Paste B.Mask) (roundrect_rratio 0.217391)
      (net 5 "Net-(C8-Pad1)"))
    (model ${KISYS3DMOD}/Capacitor_SMD.3dshapes/C_0805_2012Metric.wrl
      (at (xyz 0 0 0))
      (scale (xyz 1 1 1))
      (rotate (xyz 0 0 0))
    )
  )

  (module keyboard_parts:D_SOD123_axial (layer B.Cu) (tedit 561B6A12) (tstamp 5E80E7A0)
    (at 111.39375 59.34375)
    (path /5E7CBC47)
    (attr smd)
    (fp_text reference D1 (at 0 -1.925) (layer B.SilkS)
      (effects (font (size 0.8 0.8) (thickness 0.15)) (justify mirror))
    )
    (fp_text value D (at 0 1.925) (layer B.SilkS) hide
      (effects (font (size 0.8 0.8) (thickness 0.15)) (justify mirror))
    )
    (fp_line (start -2.275 1.2) (end -2.275 -1.2) (layer B.SilkS) (width 0.2))
    (fp_line (start -2.45 1.2) (end -2.45 -1.2) (layer B.SilkS) (width 0.2))
    (fp_line (start -2.625 1.2) (end -2.625 -1.2) (layer B.SilkS) (width 0.2))
    (fp_line (start -3.025 -1.2) (end -3.025 1.2) (layer B.SilkS) (width 0.2))
    (fp_line (start -2.8 1.2) (end -2.8 -1.2) (layer B.SilkS) (width 0.2))
    (fp_line (start -2.925 1.2) (end -2.925 -1.2) (layer B.SilkS) (width 0.2))
    (fp_line (start -3 1.2) (end 2.8 1.2) (layer B.SilkS) (width 0.2))
    (fp_line (start 2.8 1.2) (end 2.8 -1.2) (layer B.SilkS) (width 0.2))
    (fp_line (start 2.8 -1.2) (end -3 -1.2) (layer B.SilkS) (width 0.2))
    (pad 2 smd rect (at 1.575 0) (size 1.2 1.2) (layers B.Cu B.Paste B.Mask)
      (net 6 "Net-(D1-Pad2)"))
    (pad 1 smd rect (at -1.575 0) (size 1.2 1.2) (layers B.Cu B.Paste B.Mask)
      (net 7 /row0))
    (pad 1 thru_hole rect (at -3.9 0) (size 1.6 1.6) (drill 0.7) (layers *.Cu *.Mask B.SilkS)
      (net 7 /row0))
    (pad 2 thru_hole circle (at 3.9 0) (size 1.6 1.6) (drill 0.7) (layers *.Cu *.Mask B.SilkS)
      (net 6 "Net-(D1-Pad2)"))
    (pad 1 smd rect (at -2.7 0) (size 2.5 0.5) (layers B.Cu)
      (net 7 /row0) (solder_mask_margin -999))
    (pad 2 smd rect (at 2.7 0) (size 2.5 0.5) (layers B.Cu)
      (net 6 "Net-(D1-Pad2)") (solder_mask_margin -999))
  )

  (module keyboard_parts:D_SOD123_axial (layer B.Cu) (tedit 561B6A12) (tstamp 5E80E7B3)
    (at 111.20625 79.3125)
    (path /5E7CD60F)
    (attr smd)
    (fp_text reference D2 (at 0 -1.925) (layer B.SilkS)
      (effects (font (size 0.8 0.8) (thickness 0.15)) (justify mirror))
    )
    (fp_text value D (at 0 1.925) (layer B.SilkS) hide
      (effects (font (size 0.8 0.8) (thickness 0.15)) (justify mirror))
    )
    (fp_line (start -2.275 1.2) (end -2.275 -1.2) (layer B.SilkS) (width 0.2))
    (fp_line (start -2.45 1.2) (end -2.45 -1.2) (layer B.SilkS) (width 0.2))
    (fp_line (start -2.625 1.2) (end -2.625 -1.2) (layer B.SilkS) (width 0.2))
    (fp_line (start -3.025 -1.2) (end -3.025 1.2) (layer B.SilkS) (width 0.2))
    (fp_line (start -2.8 1.2) (end -2.8 -1.2) (layer B.SilkS) (width 0.2))
    (fp_line (start -2.925 1.2) (end -2.925 -1.2) (layer B.SilkS) (width 0.2))
    (fp_line (start -3 1.2) (end 2.8 1.2) (layer B.SilkS) (width 0.2))
    (fp_line (start 2.8 1.2) (end 2.8 -1.2) (layer B.SilkS) (width 0.2))
    (fp_line (start 2.8 -1.2) (end -3 -1.2) (layer B.SilkS) (width 0.2))
    (pad 2 smd rect (at 1.575 0) (size 1.2 1.2) (layers B.Cu B.Paste B.Mask)
      (net 8 "Net-(D2-Pad2)"))
    (pad 1 smd rect (at -1.575 0) (size 1.2 1.2) (layers B.Cu B.Paste B.Mask)
      (net 9 /row1))
    (pad 1 thru_hole rect (at -3.9 0) (size 1.6 1.6) (drill 0.7) (layers *.Cu *.Mask B.SilkS)
      (net 9 /row1))
    (pad 2 thru_hole circle (at 3.9 0) (size 1.6 1.6) (drill 0.7) (layers *.Cu *.Mask B.SilkS)
      (net 8 "Net-(D2-Pad2)"))
    (pad 1 smd rect (at -2.7 0) (size 2.5 0.5) (layers B.Cu)
      (net 9 /row1) (solder_mask_margin -999))
    (pad 2 smd rect (at 2.7 0) (size 2.5 0.5) (layers B.Cu)
      (net 8 "Net-(D2-Pad2)") (solder_mask_margin -999))
  )

  (module keyboard_parts:D_SOD123_axial (layer B.Cu) (tedit 561B6A12) (tstamp 5E80E7C6)
    (at 131.3625 59.34375)
    (path /5E7CA209)
    (attr smd)
    (fp_text reference D3 (at 0 -1.925) (layer B.SilkS)
      (effects (font (size 0.8 0.8) (thickness 0.15)) (justify mirror))
    )
    (fp_text value D (at 0 1.925) (layer B.SilkS) hide
      (effects (font (size 0.8 0.8) (thickness 0.15)) (justify mirror))
    )
    (fp_line (start 2.8 -1.2) (end -3 -1.2) (layer B.SilkS) (width 0.2))
    (fp_line (start 2.8 1.2) (end 2.8 -1.2) (layer B.SilkS) (width 0.2))
    (fp_line (start -3 1.2) (end 2.8 1.2) (layer B.SilkS) (width 0.2))
    (fp_line (start -2.925 1.2) (end -2.925 -1.2) (layer B.SilkS) (width 0.2))
    (fp_line (start -2.8 1.2) (end -2.8 -1.2) (layer B.SilkS) (width 0.2))
    (fp_line (start -3.025 -1.2) (end -3.025 1.2) (layer B.SilkS) (width 0.2))
    (fp_line (start -2.625 1.2) (end -2.625 -1.2) (layer B.SilkS) (width 0.2))
    (fp_line (start -2.45 1.2) (end -2.45 -1.2) (layer B.SilkS) (width 0.2))
    (fp_line (start -2.275 1.2) (end -2.275 -1.2) (layer B.SilkS) (width 0.2))
    (pad 2 smd rect (at 2.7 0) (size 2.5 0.5) (layers B.Cu)
      (net 10 "Net-(D3-Pad2)") (solder_mask_margin -999))
    (pad 1 smd rect (at -2.7 0) (size 2.5 0.5) (layers B.Cu)
      (net 7 /row0) (solder_mask_margin -999))
    (pad 2 thru_hole circle (at 3.9 0) (size 1.6 1.6) (drill 0.7) (layers *.Cu *.Mask B.SilkS)
      (net 10 "Net-(D3-Pad2)"))
    (pad 1 thru_hole rect (at -3.9 0) (size 1.6 1.6) (drill 0.7) (layers *.Cu *.Mask B.SilkS)
      (net 7 /row0))
    (pad 1 smd rect (at -1.575 0) (size 1.2 1.2) (layers B.Cu B.Paste B.Mask)
      (net 7 /row0))
    (pad 2 smd rect (at 1.575 0) (size 1.2 1.2) (layers B.Cu B.Paste B.Mask)
      (net 10 "Net-(D3-Pad2)"))
  )

  (module keyboard_parts:D_SOD123_axial (layer B.Cu) (tedit 561B6A12) (tstamp 5E80E7D9)
    (at 131.25 79.3125)
    (path /5E7CD118)
    (attr smd)
    (fp_text reference D4 (at 0 -1.925) (layer B.SilkS)
      (effects (font (size 0.8 0.8) (thickness 0.15)) (justify mirror))
    )
    (fp_text value D (at 0 1.925) (layer B.SilkS) hide
      (effects (font (size 0.8 0.8) (thickness 0.15)) (justify mirror))
    )
    (fp_line (start 2.8 -1.2) (end -3 -1.2) (layer B.SilkS) (width 0.2))
    (fp_line (start 2.8 1.2) (end 2.8 -1.2) (layer B.SilkS) (width 0.2))
    (fp_line (start -3 1.2) (end 2.8 1.2) (layer B.SilkS) (width 0.2))
    (fp_line (start -2.925 1.2) (end -2.925 -1.2) (layer B.SilkS) (width 0.2))
    (fp_line (start -2.8 1.2) (end -2.8 -1.2) (layer B.SilkS) (width 0.2))
    (fp_line (start -3.025 -1.2) (end -3.025 1.2) (layer B.SilkS) (width 0.2))
    (fp_line (start -2.625 1.2) (end -2.625 -1.2) (layer B.SilkS) (width 0.2))
    (fp_line (start -2.45 1.2) (end -2.45 -1.2) (layer B.SilkS) (width 0.2))
    (fp_line (start -2.275 1.2) (end -2.275 -1.2) (layer B.SilkS) (width 0.2))
    (pad 2 smd rect (at 2.7 0) (size 2.5 0.5) (layers B.Cu)
      (net 11 "Net-(D4-Pad2)") (solder_mask_margin -999))
    (pad 1 smd rect (at -2.7 0) (size 2.5 0.5) (layers B.Cu)
      (net 9 /row1) (solder_mask_margin -999))
    (pad 2 thru_hole circle (at 3.9 0) (size 1.6 1.6) (drill 0.7) (layers *.Cu *.Mask B.SilkS)
      (net 11 "Net-(D4-Pad2)"))
    (pad 1 thru_hole rect (at -3.9 0) (size 1.6 1.6) (drill 0.7) (layers *.Cu *.Mask B.SilkS)
      (net 9 /row1))
    (pad 1 smd rect (at -1.575 0) (size 1.2 1.2) (layers B.Cu B.Paste B.Mask)
      (net 9 /row1))
    (pad 2 smd rect (at 1.575 0) (size 1.2 1.2) (layers B.Cu B.Paste B.Mask)
      (net 11 "Net-(D4-Pad2)"))
  )

  (module keyboard_parts:USB_miniB_hirose_5S8 (layer B.Cu) (tedit 5950B1FC) (tstamp 5E80E7EE)
    (at 121.40625 50.90625)
    (descr "USB miniB hirose UX60SC-MB-5S8")
    (tags "USB miniB hirose through hole UX60SC-MB-5S8")
    (path /5E79A2F7)
    (fp_text reference J1 (at 0 -2.45) (layer B.SilkS) hide
      (effects (font (size 0.8128 0.8128) (thickness 0.2032)) (justify mirror))
    )
    (fp_text value USB_mini_micro_B (at 0.51375 3.70375) (layer Dwgs.User) hide
      (effects (font (size 1.524 1.524) (thickness 0.3048)))
    )
    (fp_line (start 3.85 0.4) (end 3.85 -6.1) (layer B.SilkS) (width 0.2))
    (fp_line (start -3.85 0.4) (end -3.85 -6.1) (layer B.SilkS) (width 0.2))
    (fp_line (start -3.85 0.4) (end 3.85 0.4) (layer B.SilkS) (width 0.2))
    (fp_line (start -1 -6.1) (end 1 -6.1) (layer Dwgs.User) (width 0.2))
    (fp_line (start -3.85 -6.6) (end -3.85 -5.7) (layer Dwgs.User) (width 0.2))
    (fp_line (start 3.85 -6.6) (end 3.85 -5.7) (layer Dwgs.User) (width 0.2))
    (fp_text user "PCB edge" (at -0.05 -5.35) (layer Dwgs.User) hide
      (effects (font (size 0.5 0.5) (thickness 0.125)))
    )
    (fp_line (start -3.85 -6.6) (end 3.85 -6.6) (layer Dwgs.User) (width 0.2))
    (pad 6 smd rect (at 2.675 -5.2) (size 2.35 0.8) (layers B.Cu B.Paste B.Mask)
      (net 2 GND))
    (pad 6 smd rect (at -2.675 -5.2) (size 2.35 0.8) (layers B.Cu B.Paste B.Mask)
      (net 2 GND))
    (pad 1 smd rect (at -1.6 0) (size 0.5 1.4) (layers B.Cu B.Paste B.Mask)
      (net 4 VCC))
    (pad 2 smd rect (at -0.8 0) (size 0.5 1.4) (layers B.Cu B.Paste B.Mask)
      (net 12 "Net-(J1-Pad2)"))
    (pad 3 smd rect (at 0 0) (size 0.5 1.4) (layers B.Cu B.Paste B.Mask)
      (net 13 "Net-(J1-Pad3)"))
    (pad 4 smd rect (at 0.8 0) (size 0.5 1.4) (layers B.Cu B.Paste B.Mask)
      (net 14 "Net-(J1-Pad4)"))
    (pad 5 smd rect (at 1.6 0) (size 0.5 1.4) (layers B.Cu B.Paste B.Mask)
      (net 2 GND))
    (pad 6 thru_hole oval (at -3.65 -2.4) (size 1.5 4) (drill oval 0.7 3.2) (layers *.Cu *.Mask B.Paste)
      (net 2 GND))
    (pad 6 thru_hole oval (at 3.65 -2.4) (size 1.5 4) (drill oval 0.7 3.2) (layers *.Cu *.Mask B.Paste)
      (net 2 GND))
  )

  (module keebs:Mx_Alps_100 locked (layer F.Cu) (tedit 58057B75) (tstamp 5E80E813)
    (at 111.45125 54.5625)
    (descr MXALPS)
    (tags MXALPS)
    (path /5E7C7040)
    (fp_text reference K1 (at 0 4.318) (layer B.SilkS)
      (effects (font (size 1 1) (thickness 0.2)) (justify mirror))
    )
    (fp_text value KEYSW (at 5.334 10.922) (layer B.SilkS) hide
      (effects (font (size 1.524 1.524) (thickness 0.3048)) (justify mirror))
    )
    (fp_line (start -7.62 7.62) (end -7.62 -7.62) (layer Dwgs.User) (width 0.3))
    (fp_line (start 7.62 7.62) (end -7.62 7.62) (layer Dwgs.User) (width 0.3))
    (fp_line (start 7.62 -7.62) (end 7.62 7.62) (layer Dwgs.User) (width 0.3))
    (fp_line (start -7.62 -7.62) (end 7.62 -7.62) (layer Dwgs.User) (width 0.3))
    (fp_line (start 7.75 -6.4) (end -7.75 -6.4) (layer Dwgs.User) (width 0.3))
    (fp_line (start 7.75 6.4) (end 7.75 -6.4) (layer Dwgs.User) (width 0.3))
    (fp_line (start -7.75 6.4) (end 7.75 6.4) (layer Dwgs.User) (width 0.3))
    (fp_line (start -7.75 6.4) (end -7.75 -6.4) (layer Dwgs.User) (width 0.3))
    (fp_line (start -6.985 6.985) (end -6.985 -6.985) (layer Eco2.User) (width 0.1524))
    (fp_line (start 6.985 6.985) (end -6.985 6.985) (layer Eco2.User) (width 0.1524))
    (fp_line (start 6.985 -6.985) (end 6.985 6.985) (layer Eco2.User) (width 0.1524))
    (fp_line (start -6.985 -6.985) (end 6.985 -6.985) (layer Eco2.User) (width 0.1524))
    (fp_line (start -6.35 -4.572) (end -6.35 -6.35) (layer F.SilkS) (width 0.381))
    (fp_line (start -6.35 6.35) (end -6.35 4.572) (layer F.SilkS) (width 0.381))
    (fp_line (start -4.572 6.35) (end -6.35 6.35) (layer F.SilkS) (width 0.381))
    (fp_line (start 6.35 6.35) (end 4.572 6.35) (layer F.SilkS) (width 0.381))
    (fp_line (start 6.35 4.572) (end 6.35 6.35) (layer F.SilkS) (width 0.381))
    (fp_line (start 6.35 -6.35) (end 6.35 -4.572) (layer F.SilkS) (width 0.381))
    (fp_line (start 4.572 -6.35) (end 6.35 -6.35) (layer F.SilkS) (width 0.381))
    (fp_line (start -6.35 -6.35) (end -4.572 -6.35) (layer F.SilkS) (width 0.381))
    (fp_line (start -9.398 9.398) (end -9.398 -9.398) (layer Dwgs.User) (width 0.1524))
    (fp_line (start 9.398 9.398) (end -9.398 9.398) (layer Dwgs.User) (width 0.1524))
    (fp_line (start 9.398 -9.398) (end 9.398 9.398) (layer Dwgs.User) (width 0.1524))
    (fp_line (start -9.398 -9.398) (end 9.398 -9.398) (layer Dwgs.User) (width 0.1524))
    (fp_line (start -6.35 6.35) (end -6.35 -6.35) (layer Cmts.User) (width 0.1524))
    (fp_line (start 6.35 6.35) (end -6.35 6.35) (layer Cmts.User) (width 0.1524))
    (fp_line (start 6.35 -6.35) (end 6.35 6.35) (layer Cmts.User) (width 0.1524))
    (fp_line (start -6.35 -6.35) (end 6.35 -6.35) (layer Cmts.User) (width 0.1524))
    (pad 2 thru_hole oval (at 2.52 -4.79 356.1) (size 2.5 3.08) (drill oval 1.5 2.08) (layers *.Cu *.Mask F.SilkS)
      (net 6 "Net-(D1-Pad2)"))
    (pad 1 thru_hole oval (at -3.255 -3.52 327.5) (size 2.5 4.75) (drill oval 1.5 3.75) (layers *.Cu *.Mask F.SilkS)
      (net 15 /col0))
    (pad HOLE np_thru_hole circle (at 5.08 0) (size 1.7018 1.7018) (drill 1.7018) (layers *.Cu))
    (pad HOLE np_thru_hole circle (at -5.08 0) (size 1.7018 1.7018) (drill 1.7018) (layers *.Cu))
    (pad HOLE np_thru_hole circle (at 0 0) (size 3.9878 3.9878) (drill 3.9878) (layers *.Cu))
  )

  (module keebs:Mx_Alps_100 locked (layer F.Cu) (tedit 58057B75) (tstamp 5E80E838)
    (at 111.46875 74.53125)
    (descr MXALPS)
    (tags MXALPS)
    (path /5E7C89E7)
    (fp_text reference K2 (at 0 4.318) (layer B.SilkS)
      (effects (font (size 1 1) (thickness 0.2)) (justify mirror))
    )
    (fp_text value KEYSW (at 5.334 10.922) (layer B.SilkS) hide
      (effects (font (size 1.524 1.524) (thickness 0.3048)) (justify mirror))
    )
    (fp_line (start -6.35 -6.35) (end 6.35 -6.35) (layer Cmts.User) (width 0.1524))
    (fp_line (start 6.35 -6.35) (end 6.35 6.35) (layer Cmts.User) (width 0.1524))
    (fp_line (start 6.35 6.35) (end -6.35 6.35) (layer Cmts.User) (width 0.1524))
    (fp_line (start -6.35 6.35) (end -6.35 -6.35) (layer Cmts.User) (width 0.1524))
    (fp_line (start -9.398 -9.398) (end 9.398 -9.398) (layer Dwgs.User) (width 0.1524))
    (fp_line (start 9.398 -9.398) (end 9.398 9.398) (layer Dwgs.User) (width 0.1524))
    (fp_line (start 9.398 9.398) (end -9.398 9.398) (layer Dwgs.User) (width 0.1524))
    (fp_line (start -9.398 9.398) (end -9.398 -9.398) (layer Dwgs.User) (width 0.1524))
    (fp_line (start -6.35 -6.35) (end -4.572 -6.35) (layer F.SilkS) (width 0.381))
    (fp_line (start 4.572 -6.35) (end 6.35 -6.35) (layer F.SilkS) (width 0.381))
    (fp_line (start 6.35 -6.35) (end 6.35 -4.572) (layer F.SilkS) (width 0.381))
    (fp_line (start 6.35 4.572) (end 6.35 6.35) (layer F.SilkS) (width 0.381))
    (fp_line (start 6.35 6.35) (end 4.572 6.35) (layer F.SilkS) (width 0.381))
    (fp_line (start -4.572 6.35) (end -6.35 6.35) (layer F.SilkS) (width 0.381))
    (fp_line (start -6.35 6.35) (end -6.35 4.572) (layer F.SilkS) (width 0.381))
    (fp_line (start -6.35 -4.572) (end -6.35 -6.35) (layer F.SilkS) (width 0.381))
    (fp_line (start -6.985 -6.985) (end 6.985 -6.985) (layer Eco2.User) (width 0.1524))
    (fp_line (start 6.985 -6.985) (end 6.985 6.985) (layer Eco2.User) (width 0.1524))
    (fp_line (start 6.985 6.985) (end -6.985 6.985) (layer Eco2.User) (width 0.1524))
    (fp_line (start -6.985 6.985) (end -6.985 -6.985) (layer Eco2.User) (width 0.1524))
    (fp_line (start -7.75 6.4) (end -7.75 -6.4) (layer Dwgs.User) (width 0.3))
    (fp_line (start -7.75 6.4) (end 7.75 6.4) (layer Dwgs.User) (width 0.3))
    (fp_line (start 7.75 6.4) (end 7.75 -6.4) (layer Dwgs.User) (width 0.3))
    (fp_line (start 7.75 -6.4) (end -7.75 -6.4) (layer Dwgs.User) (width 0.3))
    (fp_line (start -7.62 -7.62) (end 7.62 -7.62) (layer Dwgs.User) (width 0.3))
    (fp_line (start 7.62 -7.62) (end 7.62 7.62) (layer Dwgs.User) (width 0.3))
    (fp_line (start 7.62 7.62) (end -7.62 7.62) (layer Dwgs.User) (width 0.3))
    (fp_line (start -7.62 7.62) (end -7.62 -7.62) (layer Dwgs.User) (width 0.3))
    (pad HOLE np_thru_hole circle (at 0 0) (size 3.9878 3.9878) (drill 3.9878) (layers *.Cu))
    (pad HOLE np_thru_hole circle (at -5.08 0) (size 1.7018 1.7018) (drill 1.7018) (layers *.Cu))
    (pad HOLE np_thru_hole circle (at 5.08 0) (size 1.7018 1.7018) (drill 1.7018) (layers *.Cu))
    (pad 1 thru_hole oval (at -3.255 -3.52 327.5) (size 2.5 4.75) (drill oval 1.5 3.75) (layers *.Cu *.Mask F.SilkS)
      (net 15 /col0))
    (pad 2 thru_hole oval (at 2.52 -4.79 356.1) (size 2.5 3.08) (drill oval 1.5 2.08) (layers *.Cu *.Mask F.SilkS)
      (net 8 "Net-(D2-Pad2)"))
  )

  (module keebs:Mx_Alps_100 locked (layer F.Cu) (tedit 58057B75) (tstamp 5E80E85D)
    (at 131.34375 54.5625)
    (descr MXALPS)
    (tags MXALPS)
    (path /5E7C79AA)
    (fp_text reference K3 (at 0 4.318) (layer B.SilkS)
      (effects (font (size 1 1) (thickness 0.2)) (justify mirror))
    )
